SpriteVersion 1
1 0 1
0
11
sit1 456 0
sit2 457 0
sit3 458 0
sit4 459 0
sit5 460 0
sit6 461 0
sit7 462 0
put1 1141 0
put2 1142 0
put3 1143 0
put4 1144 0
4
0 7 6
BMP 0 100 123 222 -10 -7 1078 18512 1 0
BMP 0 100 117 224 -11 -11 1078 17398 1 1
BMP 0 100 117 211 -14 -16 1078 16636 1 2
BMP 0 100 116 189 -9 -16 1078 15298 1 3
BMP 0 100 137 189 -6 -13 1078 14808 1 4
BMP 0 100 103 189 -35 -12 1078 14492 1 5
BMP 0 100 92 183 -42 -12 1078 13310 1 6
1 7 6
BMP 0 100 92 183 -42 -12 1078 13310 1 6
BMP 0 100 103 189 -35 -12 1078 14492 1 5
BMP 0 100 137 189 -6 -13 1078 14808 1 4
BMP 0 100 116 189 -9 -16 1078 15298 1 3
BMP 0 100 117 211 -14 -16 1078 16636 1 2
BMP 0 100 117 224 -11 -11 1078 17398 1 1
BMP 0 100 123 222 -10 -7 1078 18512 1 0
2 9 8
BMP 0 100 123 222 -10 -7 1078 18512 1 0
BMP 0 100 117 224 -11 -11 1078 17398 1 1
BMP 0 100 117 211 -14 -16 1078 16636 1 2
BMP 0 100 116 189 -9 -16 1078 15298 1 3
BMP 0 100 137 189 -6 -13 1078 14808 1 4
BMP 0 150 106 189 -31 -12 1078 14640 1 7
BMP 0 150 113 189 -25 -12 1078 15000 1 8
BMP 0 150 115 189 -28 -13 1078 15308 1 9
BMP 0 150 135 189 -7 -13 1078 14918 1 10
3 9 8
BMP 0 150 135 189 -7 -13 1078 14918 1 10
BMP 0 150 115 189 -28 -13 1078 15308 1 9
BMP 0 150 113 189 -25 -12 1078 15000 1 8
BMP 0 150 106 189 -31 -12 1078 14640 1 7
BMP 0 100 137 189 -6 -13 1078 14808 1 4
BMP 0 100 116 189 -9 -16 1078 15298 1 3
BMP 0 100 117 211 -14 -16 1078 16636 1 2
BMP 0 100 117 224 -11 -11 1078 17398 1 1
BMP 0 100 123 222 -10 -7 1078 18512 1 0
