SpriteVersion 1
1 0 0
0
61
tbe001 273 0
tbe002 274 0
tbe003 275 0
tbe004 276 0
tbe005 277 0
tbse001 278 0
tbse002 279 0
tbse003 280 0
tbse004 281 0
tbse005 282 0
tbs001 283 0
tbs002 284 0
tbs003 285 0
tbs004 286 0
tbs005 287 0
tbsw001 288 0
tbsw002 289 0
tbsw003 290 0
tbsw004 291 0
tbsw005 292 0
tbw01 293 0
tbw02 294 0
tbw03 295 0
tbw04 296 0
tbw05 297 0
tbnw01 298 0
tbnw02 299 0
tbnw03 300 0
tbnw04 301 0
tbnw05 302 0
tbn01 303 0
tbn02 304 0
tbn03 305 0
tbn04 306 0
tbn05 307 0
tbne01 308 0
tbne02 309 0
tbne03 310 0
tbne04 311 0
tbne05 312 0
tbopen1 313 0
tbopen2 314 0
tbopen3 315 0
tbopen4 316 0
tbopen5 317 0
tbmrph01 318 0
tbmrph02 319 0
tbmrph03 320 0
tbmrph04 321 0
tbmrph05 322 0
tbmrph06 323 0
tbmrph07 324 0
tbmrph08 325 0
tbmrph09 326 0
tbmrph10 327 0
tbmrph11 328 0
tbmrph12 329 0
tbmrph13 330 0
tbmrph14 331 0
tbmrph15 332 0
tbmrph16 333 0
14
0 5 0
BMP 0 100 382 340 -60 -71 1078 86092 1 0
BMP 0 100 362 332 -58 -85 1078 81290 1 1
BMP 0 100 368 334 -59 -78 1078 79930 1 2
BMP 0 100 414 340 -54 -67 1078 79640 1 3
BMP 0 100 368 350 -53 -56 1078 82304 1 4
1 5 0
BMP 0 100 396 374 -45 -46 1078 79226 1 5
BMP 0 100 350 346 -48 -68 1078 77364 1 6
BMP 0 100 326 338 -60 -86 1078 73480 1 7
BMP 0 100 322 350 -52 -68 1078 75042 1 8
BMP 0 100 334 382 -58 -42 1078 75078 1 9
2 5 0
BMP 0 100 254 408 -108 -31 1078 70598 1 10
BMP 0 100 254 380 -102 -57 1078 68902 1 11
BMP 0 100 254 364 -108 -65 1078 67086 1 12
BMP 0 100 252 382 -105 -50 1078 65442 1 13
BMP 0 100 254 378 -108 -56 1078 67572 1 14
3 5 0
BMP 0 100 322 410 -82 -26 1078 79146 1 15
BMP 0 100 348 390 -65 -32 1078 79946 1 16
BMP 0 100 356 374 -47 -44 1078 80300 1 17
BMP 0 100 378 358 -22 -62 1078 78314 1 18
BMP 0 100 322 388 -76 -39 1078 80598 1 19
4 5 0
BMP 0 100 408 336 -21 -13 1078 81590 1 20
BMP 0 100 480 258 2 -88 1078 81848 1 21
BMP 0 100 364 330 -59 -26 1078 83238 1 22
BMP 0 100 352 328 -71 -19 1078 80128 1 23
BMP 0 100 358 328 -72 -15 1078 81784 1 24
5 5 0
BMP 0 100 394 416 -26 -19 1078 87480 1 25
BMP 0 100 374 426 -40 -20 1078 85972 1 26
BMP 0 100 348 408 -61 -21 1078 83076 1 27
BMP 0 100 344 380 -81 -45 1078 86194 1 28
BMP 0 100 374 406 -56 -24 1078 87176 1 29
6 5 0
BMP 0 100 264 410 -113 -42 1078 80444 1 30
BMP 0 100 264 430 -113 -32 1078 79812 1 31
BMP 0 100 262 384 -116 -63 1078 76092 1 32
BMP 0 100 264 434 -111 -22 1078 78652 1 33
BMP 0 100 196 112 -209 -1 1078 10602 1 34
7 5 0
BMP 0 100 352 420 -53 -23 1078 85834 1 35
BMP 0 100 368 394 -45 -52 1078 85052 1 36
BMP 0 100 372 368 -47 -55 1078 83106 1 37
BMP 0 100 406 394 -56 -40 1078 81986 1 38
BMP 0 100 368 432 -53 -7 1078 85090 1 39
8 1 0
BMP 0 0 382 340 -60 -71 1078 86092 1 0
9 8 0
BMP 0 0 382 340 -60 -71 1078 86092 1 0
BMP 0 0 350 346 -48 -68 1078 77364 1 6
BMP 0 0 254 364 -108 -65 1078 67086 1 12
BMP 0 0 378 358 -22 -62 1078 78314 1 18
BMP 0 0 358 328 -72 -15 1078 81784 1 24
BMP 0 0 394 416 -26 -19 1078 87480 1 25
BMP 0 0 264 430 -113 -32 1078 79812 1 31
BMP 0 0 372 368 -47 -55 1078 83106 1 37
10 8 0
BMP 0 0 372 368 -47 -55 1078 83106 1 37
BMP 0 0 264 430 -113 -32 1078 79812 1 31
BMP 0 0 394 416 -26 -19 1078 87480 1 25
BMP 0 0 358 328 -72 -15 1078 81784 1 24
BMP 0 0 378 358 -22 -62 1078 78314 1 18
BMP 0 0 254 364 -108 -65 1078 67086 1 12
BMP 0 0 350 346 -48 -68 1078 77364 1 6
BMP 0 0 382 340 -60 -71 1078 86092 1 0
11 1 0
BMP 0 100 436 402 -23 -20 1078 113296 1 60
12 21 20
BMP 0 100 266 402 -30 -8 1078 79002 1 40
BMP 0 100 296 408 -1 -7 1078 81680 1 41
BMP 0 100 308 442 -1 -10 1078 89356 1 42
BMP 0 100 364 466 -31 -12 1078 97728 1 43
BMP 0 100 442 432 -32 -11 1078 116382 1 44
BMP 0 80 442 422 -32 -14 1078 114580 1 45
BMP 0 80 440 446 -33 -12 1078 115434 1 46
BMP 0 80 440 460 -33 -11 1078 117066 1 47
BMP 0 80 440 418 -31 -14 1078 115936 1 48
BMP 0 80 438 438 -32 -12 1078 116860 1 49
BMP 0 80 436 426 -31 -12 1078 116406 1 50
BMP 0 80 436 430 -29 -14 1078 117116 1 51
BMP 0 80 436 420 -29 -13 1078 116704 1 52
BMP 0 80 434 418 -30 -16 1078 115880 1 53
BMP 0 80 432 416 -29 -17 1078 116024 1 54
BMP 0 80 428 414 -29 -20 1078 114352 1 55
BMP 0 80 430 408 -28 -19 1078 114374 1 56
BMP 0 80 432 406 -27 -20 1078 113102 1 57
BMP 0 80 432 406 -25 -18 1078 113864 1 58
BMP 0 80 434 402 -26 -22 1078 112854 1 59
BMP 0 80 436 402 -23 -20 1078 113296 1 60
13 21 20
BMP 0 80 436 402 -23 -20 1078 113296 1 60
BMP 0 80 434 402 -26 -22 1078 112854 1 59
BMP 0 80 432 406 -25 -18 1078 113864 1 58
BMP 0 80 432 406 -27 -20 1078 113102 1 57
BMP 0 80 430 408 -28 -19 1078 114374 1 56
BMP 0 80 428 414 -29 -20 1078 114352 1 55
BMP 0 80 432 416 -29 -17 1078 116024 1 54
BMP 0 80 434 418 -30 -16 1078 115880 1 53
BMP 0 80 436 420 -29 -13 1078 116704 1 52
BMP 0 80 436 430 -29 -14 1078 117116 1 51
BMP 0 80 436 426 -31 -12 1078 116406 1 50
BMP 0 80 438 438 -32 -12 1078 116860 1 49
BMP 0 80 440 418 -31 -14 1078 115936 1 48
BMP 0 80 440 460 -33 -11 1078 117066 1 47
BMP 0 80 440 446 -33 -12 1078 115434 1 46
BMP 0 80 442 422 -32 -14 1078 114580 1 45
BMP 0 100 442 432 -32 -11 1078 116382 1 44
BMP 0 100 364 466 -31 -12 1078 97728 1 43
BMP 0 100 308 442 -1 -10 1078 89356 1 42
BMP 0 100 296 408 -1 -7 1078 81680 1 41
BMP 0 100 266 402 -30 -8 1078 79002 1 40
